% r3c3_CoordinatesI1= [ 401.863708496094, 158.480493164062]';
I2= [ 388.611663818359, 565.277893066406]';
I3= [ 393.667944335937, 952.858605957031]';
I4= [ 925.170642089844, 158.068185424805]';
I5= [ 923.066052246094, 560.165283203125]';
I6= [ 924.996508789063, 960.9751953125]';
I7= [ 1454.82810058594, 160.379791259766]';
I8= [ 1458.13757324219, 565.092700195313]';
I9= [ 1462.59763183594, 969.813061523437]';
% Complete vector
I= [I1, I2, I3, I4, I5, I6, I7, I8, I9, ];W1= [ 0, 0]';
W2= [ 0, 150]';
W3= [ 0, 300]';
W4= [ 197.5, 0]';
W5= [ 197.5, 150]';
W6= [ 197.5, 300]';
W7= [ 395, 0]';
W8= [ 395, 150]';
W9= [ 395, 300]';
% Complete vector
W= [W1, W2, W3, W4, W5, W6, W7, W8, W9, ];